第1组测试数据――――――――――――――――――――――――――――――
[13, 13, 13, 13, 13, 28, 13, 27, 13, 26, 13, 13, 13, 22, 27, 13, 13]优化前因误差产生的倾斜角度为：0.4210371650821835优化开始！
是否完成优化：True
改变策略的方法：令鼓的初始位置升高到[0.15403737]
优化后会产生的倾斜角度为：0.0013405240943372035
―――――――――――――――――――――――――――――――――――――――――
第2组测试数据――――――――――――――――――――――――――――――
[13, 25, 13, 13, 13, 19, 14, 13, 13, 13, 13, 13, 14, 15, 17, 12, 19]优化前因误差产生的倾斜角度为：0.03770198085974312优化开始！
是否完成优化：True
改变策略的方法：令鼓的初始位置升高到[0.08133371]
优化后会产生的倾斜角度为：0.00022052981114989507
―――――――――――――――――――――――――――――――――――――――――
第3组测试数据――――――――――――――――――――――――――――――
[13, 13, 13, 13, 13, 13, 13, 13, 13, 13, 13, 13, 13, 13, 13, 13, 13]优化前因误差产生的倾斜角度为：1.871873579832518e-07优化开始！
是否完成优化：True
改变策略的方法：令鼓的初始位置升高到[1.]
优化后会产生的倾斜角度为：1.3876432616554832e-06
―――――――――――――――――――――――――――――――――――――――――
第4组测试数据――――――――――――――――――――――――――――――
[13, 11, 13, 22, 23, 13, 26, 23, 12, 13, 10, 11, 13, 13, 20, 13, 13]优化前因误差产生的倾斜角度为：0.1573634080865246优化开始！
是否完成优化：True
改变策略的方法：令鼓的初始位置升高到[0.12751821]
优化后会产生的倾斜角度为：0.002685279312009149
―――――――――――――――――――――――――――――――――――――――――
第5组测试数据――――――――――――――――――――――――――――――
[13, 13, 15, 13, 27, 13, 13, 13, 23, 17, 22, 13, 13, 24, 23, 13, 13]优化前因误差产生的倾斜角度为：0.05537662776645579优化开始！
是否完成优化：True
改变策略的方法：令鼓的初始位置升高到[0.10351522]
优化后会产生的倾斜角度为：0.012088798853897374
―――――――――――――――――――――――――――――――――――――――――
第6组测试数据――――――――――――――――――――――――――――――
[13, 28, 13, 24, 13, 13, 28, 15, 13, 13, 24, 18, 13, 23, 27, 16, 23]优化前因误差产生的倾斜角度为：0.24996048284562472优化开始！
是否完成优化：True
改变策略的方法：令鼓的初始位置升高到[0.13250196]
优化后会产生的倾斜角度为：0.07848092970008484
―――――――――――――――――――――――――――――――――――――――――
第7组测试数据――――――――――――――――――――――――――――――
[13, 15, 13, 13, 13, 13, 13, 13, 13, 13, 13, 13, 13, 13, 13, 13, 11]优化前因误差产生的倾斜角度为：7.233136317520448e-08优化开始！
是否完成优化：True
改变策略的方法：令鼓的初始位置升高到[1.]
优化后会产生的倾斜角度为：1.3949424013972813e-06
―――――――――――――――――――――――――――――――――――――――――
第8组测试数据――――――――――――――――――――――――――――――
[13, 13, 13, 13, 13, 13, 13, 13, 13, 13, 28, 13, 13, 13, 19, 23, 13]优化前因误差产生的倾斜角度为：0.07923375489096586优化开始！
是否完成优化：True
改变策略的方法：令鼓的初始位置升高到[0.08793667]
优化后会产生的倾斜角度为：4.464523946010976e-09
―――――――――――――――――――――――――――――――――――――――――
第9组测试数据――――――――――――――――――――――――――――――
[13, 17, 17, 13, 15, 13, 13, 13, 13, 25, 13, 19, 18, 22, 13, 13, 13]优化前因误差产生的倾斜角度为：0.09293899640826526优化开始！
是否完成优化：True
改变策略的方法：令鼓的初始位置升高到[0.08897322]
优化后会产生的倾斜角度为：0.019126705732638773
―――――――――――――――――――――――――――――――――――――――――
第10组测试数据――――――――――――――――――――――――――――――
[13, 26, 13, 24, 10, 13, 21, 23, 15, 13, 13, 24, 24, 13, 20, 13, 22]优化前因误差产生的倾斜角度为：0.008188575660512901优化开始！
是否完成优化：True
改变策略的方法：令鼓的初始位置升高到[0.10857615]
优化后会产生的倾斜角度为：0.005736859764082546
―――――――――――――――――――――――――――――――――――――――――
第11组测试数据――――――――――――――――――――――――――――――
[13, 17, 20, 14, 13, 29, 23, 11, 13, 23, 13, 13, 15, 22, 13, 13, 16]优化前因误差产生的倾斜角度为：0.29570717866396895优化开始！
是否完成优化：True
改变策略的方法：令鼓的初始位置升高到[0.13886663]
优化后会产生的倾斜角度为：0.1327094638380522
―――――――――――――――――――――――――――――――――――――――――
第12组测试数据――――――――――――――――――――――――――――――
[13, 22, 17, 13, 13, 13, 13, 13, 28, 22, 22, 13, 13, 13, 13, 21, 26]优化前因误差产生的倾斜角度为：0.04762990415705839优化开始！
是否完成优化：True
改变策略的方法：令鼓的初始位置升高到[0.11066889]
优化后会产生的倾斜角度为：0.04757996128335048
―――――――――――――――――――――――――――――――――――――――――
第13组测试数据――――――――――――――――――――――――――――――
[13, 12, 16, 11, 10, 13, 11, 13, 14, 13, 27, 13, 18, 28, 13, 13, 13]优化前因误差产生的倾斜角度为：0.0672101217264632优化开始！
是否完成优化：True
改变策略的方法：令鼓的初始位置升高到[0.11681119]
优化后会产生的倾斜角度为：0.023829336634839
―――――――――――――――――――――――――――――――――――――――――
第14组测试数据――――――――――――――――――――――――――――――
[13, 13, 13, 13, 13, 13, 13, 27, 13, 13, 13, 24, 13, 20, 28, 13, 12]优化前因误差产生的倾斜角度为：7.233136317520448e-08优化开始！
是否完成优化：True
改变策略的方法：令鼓的初始位置升高到[1.]
优化后会产生的倾斜角度为：1.3949424013972813e-06
―――――――――――――――――――――――――――――――――――――――――
第15组测试数据――――――――――――――――――――――――――――――
[13, 13, 13, 13, 13, 13, 13, 13, 13, 13, 13, 13, 13, 13, 13, 13, 13]优化前因误差产生的倾斜角度为：1.871873579832518e-07优化开始！
是否完成优化：True
改变策略的方法：令鼓的初始位置升高到[1.]
优化后会产生的倾斜角度为：1.3876432616554832e-06
―――――――――――――――――――――――――――――――――――――――――
第16组测试数据――――――――――――――――――――――――――――――
[13, 13, 13, 13, 13, 13, 13, 13, 13, 13, 13, 13, 24, 13, 13, 29, 13]优化前因误差产生的倾斜角度为：1.0301569116034064优化开始！
是否完成优化：True
改变策略的方法：令鼓的初始位置升高到[0.0120481]
优化后会产生的倾斜角度为：0.0002489299068739927
―――――――――――――――――――――――――――――――――――――――――
第17组测试数据――――――――――――――――――――――――――――――
[13, 12, 13, 13, 23, 13, 29, 13, 13, 17, 13, 13, 26, 27, 13, 13, 13]优化前因误差产生的倾斜角度为：0.08274262900259406优化开始！
是否完成优化：True
改变策略的方法：令鼓的初始位置升高到[0.09497929]
优化后会产生的倾斜角度为：3.360161334327405e-07
―――――――――――――――――――――――――――――――――――――――――
第18组测试数据――――――――――――――――――――――――――――――
[13, 13, 25, 13, 18, 13, 16, 20, 15, 29, 13, 13, 13, 13, 13, 13, 13]优化前因误差产生的倾斜角度为：0.06699547812328513优化开始！
是否完成优化：True
改变策略的方法：令鼓的初始位置升高到[0.09938442]
优化后会产生的倾斜角度为：3.7457279506938097e-07
―――――――――――――――――――――――――――――――――――――――――
第19组测试数据――――――――――――――――――――――――――――――
[13, 13, 13, 15, 12, 10, 13, 23, 13, 20, 27, 23, 13, 15, 13, 13, 16]优化前因误差产生的倾斜角度为：0.08276452339661779优化开始！
是否完成优化：True
改变策略的方法：令鼓的初始位置升高到[0.09443879]
优化后会产生的倾斜角度为：0.0038460615727552426
―――――――――――――――――――――――――――――――――――――――――
第20组测试数据――――――――――――――――――――――――――――――
[13, 13, 13, 13, 20, 13, 13, 13, 11, 13, 13, 13, 13, 13, 12, 14, 13]优化前因误差产生的倾斜角度为：7.233136317520448e-08优化开始！
是否完成优化：True
改变策略的方法：令鼓的初始位置升高到[1.]
优化后会产生的倾斜角度为：1.3949424013972813e-06
―――――――――――――――――――――――――――――――――――――――――
第21组测试数据――――――――――――――――――――――――――――――
[13, 13, 13, 13, 13, 13, 13, 13, 10, 13, 13, 27, 24, 13, 13, 13, 20]优化前因误差产生的倾斜角度为：1.1016906993632025优化开始！
是否完成优化：True
改变策略的方法：令鼓的初始位置升高到[0.01237081]
优化后会产生的倾斜角度为：0.0023075395245311936
―――――――――――――――――――――――――――――――――――――――――
第22组测试数据――――――――――――――――――――――――――――――
[13, 13, 13, 13, 21, 13, 28, 27, 13, 13, 13, 13, 26, 25, 17, 13, 13]优化前因误差产生的倾斜角度为：7.233136317520448e-08优化开始！
是否完成优化：True
改变策略的方法：令鼓的初始位置升高到[1.]
优化后会产生的倾斜角度为：1.3949424013972813e-06
―――――――――――――――――――――――――――――――――――――――――
第23组测试数据――――――――――――――――――――――――――――――
[13, 13, 13, 17, 13, 26, 13, 13, 13, 13, 23, 14, 13, 28, 26, 13, 13]优化前因误差产生的倾斜角度为：0.05571859413079469优化开始！
是否完成优化：True
改变策略的方法：令鼓的初始位置升高到[0.10301351]
优化后会产生的倾斜角度为：0.03800064119735695
―――――――――――――――――――――――――――――――――――――――――
第24组测试数据――――――――――――――――――――――――――――――
[13, 11, 13, 13, 18, 13, 13, 13, 13, 13, 13, 13, 25, 13, 13, 13, 10]优化前因误差产生的倾斜角度为：0.06699545772652432优化开始！
是否完成优化：True
改变策略的方法：令鼓的初始位置升高到[0.09938442]
优化后会产生的倾斜角度为：3.759184089366101e-07
―――――――――――――――――――――――――――――――――――――――――
第25组测试数据――――――――――――――――――――――――――――――
[13, 23, 21, 25, 13, 16, 19, 18, 13, 13, 13, 12, 13, 24, 15, 16, 13]优化前因误差产生的倾斜角度为：0.016584409787381873优化开始！
是否完成优化：True
改变策略的方法：令鼓的初始位置升高到[0.10861473]
优化后会产生的倾斜角度为：0.013103102307475767
―――――――――――――――――――――――――――――――――――――――――
第26组测试数据――――――――――――――――――――――――――――――
[13, 26, 19, 10, 13, 17, 12, 13, 19, 26, 19, 13, 10, 13, 24, 13, 27]优化前因误差产生的倾斜角度为：0.030525221258355568优化开始！
是否完成优化：True
改变策略的方法：令鼓的初始位置升高到[0.10322856]
优化后会产生的倾斜角度为：0.010552203777373429
―――――――――――――――――――――――――――――――――――――――――
第27组测试数据――――――――――――――――――――――――――――――
[13, 14, 13, 13, 13, 13, 19, 16, 21, 13, 23, 13, 13, 22, 29, 13, 13]优化前因误差产生的倾斜角度为：0.016407622020019566优化开始！
是否完成优化：True
改变策略的方法：令鼓的初始位置升高到[0.10725154]
优化后会产生的倾斜角度为：0.010147917254143015
―――――――――――――――――――――――――――――――――――――――――
第28组测试数据――――――――――――――――――――――――――――――
[13, 13, 13, 17, 13, 22, 26, 16, 13, 23, 10, 14, 13, 13, 26, 13, 24]优化前因误差产生的倾斜角度为：0.15088238852065816优化开始！
是否完成优化：True
改变策略的方法：令鼓的初始位置升高到[0.10066124]
优化后会产生的倾斜角度为：0.1293958238341197
―――――――――――――――――――――――――――――――――――――――――
第29组测试数据――――――――――――――――――――――――――――――
[13, 19, 13, 16, 13, 13, 20, 12, 14, 24, 13, 13, 13, 13, 13, 13, 13]优化前因误差产生的倾斜角度为：0.07923375166122563优化开始！
是否完成优化：True
改变策略的方法：令鼓的初始位置升高到[0.08793666]
优化后会产生的倾斜角度为：1.0280423398407305e-09
―――――――――――――――――――――――――――――――――――――――――
第30组测试数据――――――――――――――――――――――――――――――
[13, 21, 13, 13, 13, 22, 13, 13, 13, 13, 13, 13, 23, 18, 14, 29, 21]
优化前因误差产生的倾斜角度为：0.08274262900259424优化开始！
是否完成优化：True
改变策略的方法：令鼓的初始位置升高到[0.09497929]
优化后会产生的倾斜角度为：3.3590699316736454e-07
―――――――――――――――――――――――――――――――――――――――――
第31组测试数据――――――――――――――――――――――――――――――
[13, 12, 13, 13, 13, 13, 13, 13, 13, 12, 13, 13, 12, 13, 13, 13, 13]
优化前因误差产生的倾斜角度为：0.01985102439922731优化开始！
是否完成优化：True
改变策略的方法：令鼓的初始位置升高到[0.08039895]
优化后会产生的倾斜角度为：9.422151047743204e-09
―――――――――――――――――――――――――――――――――――――――――
第32组测试数据――――――――――――――――――――――――――――――
[13, 13, 13, 13, 12, 13, 13, 13, 23, 13, 13, 13, 13, 13, 13, 14, 25]
优化前因误差产生的倾斜角度为：7.233136317520448e-08优化开始！
是否完成优化：True
改变策略的方法：令鼓的初始位置升高到[1.]
优化后会产生的倾斜角度为：1.3949424013972813e-06
―――――――――――――――――――――――――――――――――――――――――
第33组测试数据――――――――――――――――――――――――――――――
[13, 13, 13, 25, 13, 13, 19, 16, 13, 29, 13, 13, 17, 20, 13, 14, 13]
优化前因误差产生的倾斜角度为：0.013537140415596805优化开始！
是否完成优化：True
改变策略的方法：令鼓的初始位置升高到[0.10909292]
优化后会产生的倾斜角度为：0.011210385049410812
―――――――――――――――――――――――――――――――――――――――――
第34组测试数据――――――――――――――――――――――――――――――
[13, 13, 13, 13, 13, 13, 13, 13, 13, 24, 13, 13, 13, 13, 13, 13, 13]
优化前因误差产生的倾斜角度为：0.5180085332370709优化开始！
是否完成优化：True
改变策略的方法：令鼓的初始位置升高到[0.0103229]
优化后会产生的倾斜角度为：7.941882673287076e-09
―――――――――――――――――――――――――――――――――――――――――
第35组测试数据――――――――――――――――――――――――――――――
[13, 13, 13, 14, 13, 23, 12, 13, 16, 16, 13, 13, 13, 13, 13, 13, 21]
优化前因误差产生的倾斜角度为：0.08776240134050584优化开始！
是否完成优化：True
改变策略的方法：令鼓的初始位置升高到[0.09511878]
优化后会产生的倾斜角度为：0.0057048985551589335
―――――――――――――――――――――――――――――――――――――――――
第36组测试数据――――――――――――――――――――――――――――――
[13, 13, 25, 13, 13, 25, 12, 13, 13, 13, 13, 17, 13, 25, 15, 14, 15]
优化前因误差产生的倾斜角度为：0.0182440857604307优化开始！
是否完成优化：True
改变策略的方法：令鼓的初始位置升高到[0.0820046]
优化后会产生的倾斜角度为：6.482240076102566e-09
―――――――――――――――――――――――――――――――――――――――――
第37组测试数据――――――――――――――――――――――――――――――
[13, 13, 13, 13, 13, 13, 13, 13, 13, 13, 13, 13, 13, 13, 13, 13, 13]
优化前因误差产生的倾斜角度为：1.871873579832518e-07优化开始！
是否完成优化：True
改变策略的方法：令鼓的初始位置升高到[1.]
优化后会产生的倾斜角度为：1.3876432616554832e-06
―――――――――――――――――――――――――――――――――――――――――
第38组测试数据――――――――――――――――――――――――――――――
[13, 13, 29, 17, 13, 14, 17, 13, 23, 13, 13, 13, 15, 25, 12, 13, 28]
优化前因误差产生的倾斜角度为：0.13384930844840745优化开始！
是否完成优化：True
改变策略的方法：令鼓的初始位置升高到[0.12943278]
优化后会产生的倾斜角度为：0.03875496972164391
―――――――――――――――――――――――――――――――――――――――――
第39组测试数据――――――――――――――――――――――――――――――
[13, 13, 23, 13, 19, 13, 28, 14, 13, 13, 13, 15, 21, 12, 13, 27, 11]
优化前因误差产生的倾斜角度为：0.08994155055072825优化开始！
是否完成优化：True
改变策略的方法：令鼓的初始位置升高到[0.08922461]
优化后会产生的倾斜角度为：0.011444433504100729
―――――――――――――――――――――――――――――――――――――――――
第40组测试数据――――――――――――――――――――――――――――――
[13, 13, 13, 13, 13, 13, 13, 13, 13, 13, 13, 13, 13, 13, 13, 13, 13]
优化前因误差产生的倾斜角度为：1.871873579832518e-07优化开始！
是否完成优化：True
改变策略的方法：令鼓的初始位置升高到[1.]
优化后会产生的倾斜角度为：1.3876432616554832e-06
―――――――――――――――――――――――――――――――――――――――――
第41组测试数据――――――――――――――――――――――――――――――
[13, 13, 12, 13, 13, 13, 13, 13, 13, 13, 13, 13, 13, 13, 13, 13, 13]
优化前因误差产生的倾斜角度为：0.04954245808031783优化开始！
是否完成优化：True
改变策略的方法：令鼓的初始位置升高到[0.00959438]
优化后会产生的倾斜角度为：1.1246733742512457e-08
―――――――――――――――――――――――――――――――――――――――――
第42组测试数据――――――――――――――――――――――――――――――
[13, 13, 13, 13, 13, 13, 19, 16, 13, 12, 13, 13, 13, 15, 15, 21, 23]
优化前因误差产生的倾斜角度为：0.08524010355648146优化开始！
是否完成优化：True
改变策略的方法：令鼓的初始位置升高到[0.09158578]
优化后会产生的倾斜角度为：0.03264359166269168
―――――――――――――――――――――――――――――――――――――――――
第43组测试数据――――――――――――――――――――――――――――――
[13, 28, 28, 13, 13, 27, 20, 18, 13, 13, 13, 15, 24, 13, 13, 13, 16]
优化前因误差产生的倾斜角度为：0.0454177398346604优化开始！
是否完成优化：True
改变策略的方法：令鼓的初始位置升高到[0.10070499]
优化后会产生的倾斜角度为：0.02859078150160673
―――――――――――――――――――――――――――――――――――――――――
第44组测试数据――――――――――――――――――――――――――――――
[13, 18, 13, 16, 26, 27, 13, 13, 13, 18, 13, 16, 13, 25, 13, 13, 27]
优化前因误差产生的倾斜角度为：0.4005390500286379优化开始！
是否完成优化：True
改变策略的方法：令鼓的初始位置升高到[0.15058675]
优化后会产生的倾斜角度为：0.10240353992895644
―――――――――――――――――――――――――――――――――――――――――
第45组测试数据――――――――――――――――――――――――――――――
[13, 13, 13, 13, 13, 13, 13, 13, 13, 13, 13, 24, 20, 13, 13, 13, 13]
优化前因误差产生的倾斜角度为：7.233136317520448e-08优化开始！
是否完成优化：True
改变策略的方法：令鼓的初始位置升高到[1.]
优化后会产生的倾斜角度为：1.3949424013972813e-06
―――――――――――――――――――――――――――――――――――――――――
第46组测试数据――――――――――――――――――――――――――――――
[13, 13, 13, 13, 13, 13, 13, 13, 13, 13, 13, 13, 13, 13, 13, 13, 13]
优化前因误差产生的倾斜角度为：1.871873579832518e-07优化开始！
是否完成优化：True
改变策略的方法：令鼓的初始位置升高到[1.]
优化后会产生的倾斜角度为：1.3876432616554832e-06
―――――――――――――――――――――――――――――――――――――――――
第47组测试数据――――――――――――――――――――――――――――――
[13, 28, 14, 27, 28, 13, 13, 14, 24, 22, 17, 13, 29, 13, 13, 13, 13]
优化前因误差产生的倾斜角度为：0.05786130288683897优化开始！
是否完成优化：True
改变策略的方法：令鼓的初始位置升高到[0.10064701]
优化后会产生的倾斜角度为：0.006847488353852118
―――――――――――――――――――――――――――――――――――――――――
第48组测试数据――――――――――――――――――――――――――――――
[13, 13, 13, 13, 13, 13, 13, 13, 13, 13, 13, 13, 13, 13, 13, 13, 13]
优化前因误差产生的倾斜角度为：1.871873579832518e-07优化开始！
是否完成优化：True
改变策略的方法：令鼓的初始位置升高到[1.]
优化后会产生的倾斜角度为：1.3876432616554832e-06
―――――――――――――――――――――――――――――――――――――――――
第49组测试数据――――――――――――――――――――――――――――――
[13, 16, 17, 13, 23, 13, 13, 13, 24, 13, 27, 25, 13, 13, 13, 16, 13]
优化前因误差产生的倾斜角度为：0.03874283427718632优化开始！
是否完成优化：True
改变策略的方法：令鼓的初始位置升高到[0.10271852]
优化后会产生的倾斜角度为：0.01422688733784605
―――――――――――――――――――――――――――――――――――――――――
第50组测试数据――――――――――――――――――――――――――――――
[13, 13, 17, 13, 14, 18, 13, 18, 13, 13, 13, 14, 23, 13, 13, 27, 13]
优化前因误差产生的倾斜角度为：0.07739307803698138优化开始！
是否完成优化：True
改变策略的方法：令鼓的初始位置升高到[0.09689142]
优化后会产生的倾斜角度为：0.00013766592002920698
―――――――――――――――――――――――――――――――――――――――――
第51组测试数据――――――――――――――――――――――――――――――
[13, 13, 13, 20, 13, 26, 13, 13, 26, 13, 13, 13, 12, 13, 13, 29, 13]
优化前因误差产生的倾斜角度为：7.233136317520448e-08优化开始！
是否完成优化：True
改变策略的方法：令鼓的初始位置升高到[1.]
优化后会产生的倾斜角度为：1.3949424013972813e-06
―――――――――――――――――――――――――――――――――――――――――
第52组测试数据――――――――――――――――――――――――――――――
[13, 13, 13, 19, 29, 20, 13, 13, 13, 13, 13, 13, 13, 13, 13, 13, 13]优化前因误差产生的倾斜角度为：7.233136317520448e-08优化开始！
是否完成优化：True
改变策略的方法：令鼓的初始位置升高到[1.]
优化后会产生的倾斜角度为：1.3949424013972813e-06
―――――――――――――――――――――――――――――――――――――――――
第53组测试数据――――――――――――――――――――――――――――――
[13, 28, 26, 13, 13, 26, 14, 16, 13, 20, 18, 13, 13, 13, 13, 22, 13]优化前因误差产生的倾斜角度为：0.39954460720406626优化开始！
是否完成优化：True
改变策略的方法：令鼓的初始位置升高到[0.16528232]
优化后会产生的倾斜角度为：0.03986283935993286
―――――――――――――――――――――――――――――――――――――――――
第54组测试数据――――――――――――――――――――――――――――――
[13, 12, 26, 23, 26, 13, 13, 19, 23, 13, 16, 13, 19, 25, 15, 27, 13]优化前因误差产生的倾斜角度为：0.07184249210190263优化开始！
是否完成优化：True
改变策略的方法：令鼓的初始位置升高到[0.08902114]
优化后会产生的倾斜角度为：0.0283026926140582
―――――――――――――――――――――――――――――――――――――――――
第55组测试数据――――――――――――――――――――――――――――――
[13, 13, 13, 13, 18, 13, 13, 13, 13, 13, 27, 13, 13, 15, 13, 13, 26]优化前因误差产生的倾斜角度为：7.233136317520448e-08优化开始！
是否完成优化：True
改变策略的方法：令鼓的初始位置升高到[1.]
优化后会产生的倾斜角度为：1.3949424013972813e-06
―――――――――――――――――――――――――――――――――――――――――
第56组测试数据――――――――――――――――――――――――――――――
[13, 13, 13, 22, 20, 13, 21, 28, 16, 13, 13, 13, 12, 20, 20, 16, 12]优化前因误差产生的倾斜角度为：0.16214504065750457优化开始！
是否完成优化：True
改变策略的方法：令鼓的初始位置升高到[0.13171537]
优化后会产生的倾斜角度为：0.0019725836776229955
―――――――――――――――――――――――――――――――――――――――――
第57组测试数据――――――――――――――――――――――――――――――
[13, 13, 13, 16, 28, 13, 14, 13, 29, 13, 15, 13, 13, 13, 13, 26, 13]优化前因误差产生的倾斜角度为：0.04919427380993382优化开始！
是否完成优化：True
改变策略的方法：令鼓的初始位置升高到[0.0840287]
优化后会产生的倾斜角度为：1.7747009733354174e-06
―――――――――――――――――――――――――――――――――――――――――
第58组测试数据――――――――――――――――――――――――――――――
[13, 16, 13, 22, 26, 22, 13, 18, 13, 20, 13, 13, 13, 13, 13, 13, 13]优化前因误差产生的倾斜角度为：0.09996609621481614优化开始！
是否完成优化：True
改变策略的方法：令鼓的初始位置升高到[0.0935367]
优化后会产生的倾斜角度为：0.009684466517959069
―――――――――――――――――――――――――――――――――――――――――
第59组测试数据――――――――――――――――――――――――――――――
[13, 15, 13, 13, 13, 13, 13, 13, 13, 18, 13, 27, 13, 17, 28, 13, 13]优化前因误差产生的倾斜角度为：0.061553056620253优化开始！
是否完成优化：True
改变策略的方法：令鼓的初始位置升高到[0.08521122]
优化后会产生的倾斜角度为：6.5439065428871655e-09
―――――――――――――――――――――――――――――――――――――――――
第60组测试数据――――――――――――――――――――――――――――――
[13, 13, 18, 13, 13, 13, 13, 14, 13, 18, 13, 13, 13, 13, 20, 13, 13]优化前因误差产生的倾斜角度为：0.07161616504833483优化开始！
是否完成优化：True
改变策略的方法：令鼓的初始位置升高到[0.08651192]
优化后会产生的倾斜角度为：3.6797838986537142e-09
―――――――――――――――――――――――――――――――――――――――――
第61组测试数据――――――――――――――――――――――――――――――
[13, 13, 13, 13, 13, 13, 13, 13, 17, 13, 20, 13, 22, 13, 13, 13, 28]优化前因误差产生的倾斜角度为：7.233136317520448e-08优化开始！
是否完成优化：True
改变策略的方法：令鼓的初始位置升高到[1.]
优化后会产生的倾斜角度为：1.3949424013972813e-06
―――――――――――――――――――――――――――――――――――――――――
第62组测试数据――――――――――――――――――――――――――――――
[13, 13, 29, 13, 25, 13, 13, 21, 15, 16, 19, 19, 13, 14, 13, 11, 15]优化前因误差产生的倾斜角度为：0.08424003459356451优化开始！
是否完成优化：True
改变策略的方法：令鼓的初始位置升高到[0.09519322]
优化后会产生的倾斜角度为：0.007739880041302779
―――――――――――――――――――――――――――――――――――――――――
第63组测试数据――――――――――――――――――――――――――――――
[13, 28, 13, 13, 13, 13, 13, 13, 13, 13, 13, 13, 13, 13, 24, 13, 13]优化前因误差产生的倾斜角度为：7.233136317520448e-08优化开始！
是否完成优化：True
改变策略的方法：令鼓的初始位置升高到[1.]
优化后会产生的倾斜角度为：1.3949424013972813e-06
―――――――――――――――――――――――――――――――――――――――――
第64组测试数据――――――――――――――――――――――――――――――
[13, 13, 23, 13, 13, 11, 16, 18, 13, 13, 13, 28, 22, 13, 21, 28, 28]优化前因误差产生的倾斜角度为：0.5960564522349331优化开始！
是否完成优化：True
改变策略的方法：令鼓的初始位置升高到[0.17862791]
优化后会产生的倾斜角度为：0.16638813170285902
―――――――――――――――――――――――――――――――――――――――――
第65组测试数据――――――――――――――――――――――――――――――
[13, 13, 13, 25, 13, 13, 19, 13, 13, 20, 13, 13, 20, 22, 15, 13, 13]优化前因误差产生的倾斜角度为：0.08426934237949547优化开始！
是否完成优化：True
改变策略的方法：令鼓的初始位置升高到[0.08949049]
优化后会产生的倾斜角度为：1.2183908141308122e-08
―――――――――――――――――――――――――――――――――――――――――
第66组测试数据――――――――――――――――――――――――――――――
[13, 13, 13, 13, 20, 12, 13, 17, 17, 13, 11, 25, 13, 10, 13, 21, 15]优化前因误差产生的倾斜角度为：0.04250846271581404优化开始！
是否完成优化：True
改变策略的方法：令鼓的初始位置升高到[0.0922922]
优化后会产生的倾斜角度为：0.006115933723589242
―――――――――――――――――――――――――――――――――――――――――
第67组测试数据――――――――――――――――――――――――――――――
[13, 27, 20, 13, 13, 11, 13, 13, 13, 13, 26, 11, 13, 13, 19, 23, 28]优化前因误差产生的倾斜角度为：0.10929962317262161优化开始！
是否完成优化：True
改变策略的方法：令鼓的初始位置升高到[0.0875462]
优化后会产生的倾斜角度为：0.002798338403011361
―――――――――――――――――――――――――――――――――――――――――
第68组测试数据――――――――――――――――――――――――――――――
[13, 20, 13, 14, 29, 13, 13, 25, 13, 13, 10, 13, 25, 20, 25, 15, 22]优化前因误差产生的倾斜角度为：0.08840598471039682优化开始！
是否完成优化：True
改变策略的方法：令鼓的初始位置升高到[0.0851739]
优化后会产生的倾斜角度为：0.02477476727506483
―――――――――――――――――――――――――――――――――――――――――
第69组测试数据――――――――――――――――――――――――――――――
[13, 13, 13, 13, 13, 13, 13, 28, 13, 20, 16, 13, 13, 13, 25, 15, 23]优化前因误差产生的倾斜角度为：0.08274264941768548优化开始！
是否完成优化：True
改变策略的方法：令鼓的初始位置升高到[0.09497928]
优化后会产生的倾斜角度为：3.355645466270091e-07
―――――――――――――――――――――――――――――――――――――――――
第70组测试数据――――――――――――――――――――――――――――――
[13, 22, 13, 20, 13, 28, 13, 17, 13, 20, 10, 13, 26, 13, 13, 13, 13]优化前因误差产生的倾斜角度为：0.06422601017137147优化开始！
是否完成优化：True
改变策略的方法：令鼓的初始位置升高到[0.08591378]
优化后会产生的倾斜角度为：0.0007412164546998613
―――――――――――――――――――――――――――――――――――――――――
